1
2
8
9
27
73
91
92
93
94
95
98
135
137
149
202
204
206
208
212
213
214
216
218
219
220
222
226
228
230
231
232
235
238
240
242
244
246
247
248
250
255
257
259
260
262
263
264
265
266
268
270
272
274
276
278
280
282
283
284
286
288
290
292
293
294
295
297
302
310
311
312
313
314
315
316
317
318
319
330
332
334
338
342
344
346
348
350
352
354
356
358
360
362
363
364
365
366
368
370
372
374
376
400
401
402
404
410
412
413
414
415
416
417
418
419
420
422
424
425
426
427
428
429
430
432
434
436
437
438
440
446
450
452
454
455
456
457
460
466
467
470
472
502
505
510
514
515
520
525
528
530
536
537
539
540
541
542
544
545
548
549
550
551
552
553
602
603
604
605
606
607
608
609
610
611
613
614
615
616
617
618
619
620
621
622
623
624
625
626
627
628
631
632
633
634
635
636
637
638
639
640
641
642
643
646
647
649
650
651
652
653
654
655
657
702
704
706
708
710
712
714
716
722
724
730
732
734
736
738
740
744
746
748
777
901
902
903
907
910
913
914
915
916
918
920
922
923
924
927
930
937
940
955
969
971
973
2021
2022
2023
2024
2025
2026
2027
2028
2029
2041
2042
2043
2044
2045
2061
2062
2063
2064
2065
2066
2067
2068
2069
2080
2081
2082
2083
2084
2085
2087
2089
2140
2141
2142
2143
2144
2145
2146
2147
2148
2149
2161
2162
2163
2164
2165
2169
2260
2261
2262
2263
2264
2265
2266
2267
2268
2269
2280
2281
2282
2283
2284
2285
2286
2287
2288
2289
2300
2301
2302
2311
2320
2321
2322
2323
2324
2325
2326
2327
2328
2329
2350
2351
2352
2353
2354
2355
2356
2357
2358
2359
2381
2382
2383
2384
2385
2386
2387
2400
2401
2402
2403
2404
2405
2406
2407
2409
2410
2411
2412
2415
2421
2424
2426
2429
2440
2441
2442
2443
2444
2445
2446
2447
2448
2449
2501
2502
2503
2504
2505
2506
2555
2559
2599
2600
2601
2602
2603
2604
2605
2606
2607
2608
2609
2620
2621
2622
2623
2624
2625
2626
2627
2628
2629
2680
2681
2682
2683
2684
2685
2686
2687
2701
2703
2705
2706
2707
2722
2723
2724
2729
2780
2802
2803
2804
2805
2806
2807
2840
2842
2843
2860
2861
2940
2941
2942
2943
2944
2945
2946
2947
2948
2949
3020
3021
3022
3023
3024
3025
3026
3027
3028
3029
3100
3101
3102
3104
3105
3106
3108
3109
3110
3111
3112
3113
3115
3116
3117
3118
3119
3120
3121
3122
3123
3124
3125
3126
3127
3128
3129
3130
3131
3132
3133
3134
3135
3136
3137
3138
3139
3140
3141
3142
3144
3145
3146
3147
3148
3149
3150
3151
3153
3154
3155
3156
3160
3166
3167
3169
3171
3172
3173
3174
3175
3176
3177
3181
3196
3199
3300
3304
3305
3306
3307
3308
3309
3341
3342
3343
3581
3582
3622
3722
3728
3740
3741
3742
3743
3744
4000
4269
5021
5022
5050
5051
5052
5053
5054
5055
5056
5057
5058
5151
5152
5153
5154
5201
5202
5203
5204
5205
5206
5207
5208
5209
5301
5302
5303
5304
6041
6042
6043
6044
6045
6046
6047
6471
6558
7060
7061
7062
7063
7064
7065
7081
7082
7083
7084
7085
7086
7087
7088
7089
7101
7102
7103
7104
7141
7142
7143
7144
7145
7146
7148
7162
7166
7220
7221
7222
7223
7224
7225
7226
7227
7229
7300
7301
7302
7303
7304
7305
7306
7307
7308
7309
7320
7323
7325
7326
7400
7401
7402
7487
7489
9071
9072
9073
9074
9075
9076
9077
9078
9101
9102
9107
9112
9201
9371
9410
9480
9500
9800
9911
9990
20201
20202
20203
20206
20207
20208
20231
20241
20261
20281
20401
20413
20421
20422
20423
20424
20426
20427
20431
20432
20433
20434
20441
20443
20473
20492
20493
20601
20602
20610
20681
20800
20803
20810
20812
20813
20814
20818
20820
20825
20828
20830
20835
20837
20840
20843
20844
20845
20853
20857
20859
20866
20867
20869
20872
20877
20878
20881
20883
20887
20894
20895
21401
21402
21403
21404
21405
21406
21407
21408
21409
21410
21411
21412
21413
21414
21415
21416
21417
21418
21419
21420
21421
21422
21423
21424
21425
21426
21427
21428
21429
21430
21431
21432
21433
21434
21436
21437
21438
21439
21440
21441
21442
21443
21444
21445
21446
21447
21448
21449
21450
21451
21452
21460
21461
21462
21463
21464
21466
21467
21468
21469
21470
21471
21472
21477
21482
21810
21811
21812
21877
22201
22202
22203
22206
22208
22209
22211
22212
22213
22215
22221
22222
22231
22232
22233
22241
22251
22261
22262
22266
22269
22271
22281
22282
22283
22284
22287
22288
22289
22290
22291
22298
22601
22602
22603
22610
22626
22677
22691
22801
22802
22803
22804
22810
22811
22812
22813
22814
22815
22817
22821
22860
22877
23200
23207
23225
23229
23290
23299
23440
23441
23442
23443
23486
23490
23500
23510
23515
23516
23520
23526
23530
23531
23540
23550
23557
23558
23559
23560
23562
23570
23575
23580
23590
23812
23824
23888
24020
24080
24090
24091
24092
24093
24094
24095
24096
24097
24098
24201
24202
24203
24204
24400
24409
24410
24420
24421
24422
24423
24429
24430
24431
24432
24433
24440
24450
24451
24452
24460
24461
24462
24463
24470
24471
24472
24480
24490
24601
24706
24804
24810
25011
25033
25501
25502
25503
25504
25505
25506
25507
25508
25509
25510
25511
25512
25513
25514
25515
25516
25517
25518
25519
25520
25521
25522
25523
25524
25525
25526
25527
25577
25599
25701
25999
26011
26013
26018
26021
26022
26026
26040
26041
26042
26043
26045
26053
26055
26056
26057
26058
26059
26071
26073
26075
26076
26078
26079
26084
26091
26093
26094
26095
26097
26200
26201
26202
26207
26209
26211
26212
26215
26217
26220
26221
26222
26223
26224
26225
26226
26227
26228
26229
26230
26231
26232
26233
26234
26235
26236
26237
26238
26239
26241
26242
26243
26244
26245
26246
26247
26248
26249
26250
26251
26253
26254
26255
26256
26257
26259
26260
26261
26262
26263
26264
26265
26266
26267
26269
26270
26271
26272
26273
26274
26275
26276
26277
26278
26279
26280
26282
26283
26284
26285
26286
26287
26288
26289
26290
26291
26295
26296
26297
26298
26299
26301
26302
26313
26314
26322
26331
26333
26334
26338
26339
26340
26345
26346
26347
26348
26349
26355
26362
26363
26370
26371
26374
26375
26377
26379
26384
26385
26386
26387
26388
26390
26391
26395
26417
26421
26429
26439
26444
26446
26447
26486
26538
26577
26585
26591
26599
26810
26861
26862
26863
26864
26865
26866
26867
26868
26869
26891
27051
27062
27070
27071
27072
27073
27077
27079
27225
27230
27240
27247
27248
27250
27251
27252
27253
27254
27255
27273
27291
28091
28092
28096
28097
28430
28600
28601
28606
28607
28609
28614
28616
28617
28620
28625
28627
28633
28634
28635
28641
28645
28646
28677
28695
28696
29410
29411
29412
29413
29414
29415
29416
29417
29418
29419
29420
29421
29422
29423
29424
29425
29444
29495
29496
29497
29498
29499
30205
30206
30217
30227
30230
30234
30235
30252
30253
30271
30272
30273
31000
31001
31002
31011
31013
31014
31015
31016
31017
31019
31020
31021
31022
31040
31041
31050
31051
31052
31055
31058
31060
31061
31062
31063
31064
31066
31067
31068
31069
31070
31072
31073
31075
31076
31077
31078
31079
31080
31082
31083
31084
31085
31086
31088
31089
31090
31092
31093
31094
31100
31120
31121
31122
31123
31124
31125
31127
31128
31129
31130
31131
31132
31133
31134
31135
31136
31137
31138
31139
31150
31151
31152
31153
31154
31155
31158
31159
31160
31161
31162
31164
31165
31166
31167
31169
31170
31171
31172
31173
31174
31175
31176
31177
31178
31179
31180
31181
31183
31184
31188
31189
31190
31191
31193
31194
31195
31196
31197
31198
31199
31200
31201
31202
31203
31204
31206
31207
31208
31209
31211
31212
31213
31214
31220
31222
31225
31226
31229
31230
31240
31242
31250
31251
31252
31254
31255
31257
31260
31261
31262
31263
31264
31265
31266
31267
31268
31269
31270
31271
31272
31273
31275
31276
31280
31281
31285
31290
31291
31292
31293
31294
31295
31296
31297
31298
31299
31300
31301
31302
31304
31305
31309
31310
31311
31319
31320
31321
31322
31323
31324
31325
31326
31327
31328
31329
31330
31331
31332
31333
31334
31335
31340
31341
31342
31343
31349
31350
31360
31361
31362
31363
31364
31365
31366
31367
31368
31369
31370
31371
31373
31374
31375
31376
31377
31378
31380
31390
31391
31392
31393
31394
31395
31396
31398
31399
31400
31401
31402
31403
31404
31408
31410
31411
31412
31419
31420
31421
31422
31423
31424
31425
31427
31431
31441
31444
31445
31450
31451
31456
31457
31458
31459
31460
31461
31466
31471
31472
31473
31474
31475
31476
31478
31480
31481
31482
31483
31484
31487
31488
31489
31491
31492
31493
31499
31500
31510
31511
31512
31513
31514
31515
31516
31530
31531
31532
31538
31539
31540
31541
31550
31551
31556
31560
31561
31563
31564
31565
31566
31567
31600
31601
31602
31603
31604
31605
31606
31607
31608
31609
31620
31621
31622
31623
31629
31652
31654
31655
31660
31661
31662
31663
31665
31666
31667
31670
31672
31673
31675
31676
31677
31678
31686
31689
31697
31699
31771
31801
31821
31900
33010
33011
33016
33017
33020
33033
33057
37022
37040
37218
40407
40430
40438
40459
40480
42201
44155
46001
46002
46004
46005
46007
46010
46020
46021
46028
46055
46068
46079
46091
46600
46606
46609
46610
46621
46666
50210
50297
50298
50501
50503
50510
50521
50525
50526
50531
50533
50539
50566
50590
50591
50592
50593
50594
51502
51518
51525
51533
51546
51569
52001
52002
52008
52009
53020
53021
53029
53050
53060
53099
70403
70404
70405
70406
70407
70408
70409
71200
72201
72205
73090
73099
73203
73209
73257
73452
74801
74803
74804
74805
74806
74807
74808
74809
74810
74811
74812
74813
74814
74815
74816
74817
74818
74819
74820
74830
74840
90710
91665
93224
95150
97911
98003
98006
98008
98012
98080
98638
204907
204911
208647
208963
214012
214112
226112
226777
235907
240240
240907
250011
250013
250014
250015
250016
250021
250024
250029
250030
250032
250033
250037
250039
250040
250042
250043
250048
250051
250052
250056
250067
250069
250070
250071
250073
250078
250084
250096
250100
250111
250112
250116
250125
250142
250159
250163
250164
250212
250233
250246
250250
250351
250500
250505
250600
250601
250602
250603
250604
250605
250606
250607
250608
250609
250610
250611
250612
250613
250614
250615
250616
250617
250618
250619
250620
250621
250622
250623
250624
250625
250626
250627
250628
250629
250630
250631
250632
250633
250634
250635
250636
250637
250638
250639
250640
250641
250642
250643
250644
250645
250646
250647
250648
250649
250650
250651
250652
250653
250654
250655
250656
250657
250658
250659
250660
250661
250662
250663
250664
250665
250666
250667
250668
250700
250707
250716
250775
250777
250800
250812
250813
250888
250907
250942
250980
260014
260015
260019
260041
260042
260112
260460
260947
262339
262617
262628
262650
262651
262669
262685
262810
262826
262841
262872
262876
263112
263113
263301
263333
263815
263907
264555
265112
268112
268901
268902
268903
268907
268911
268912
268913
268914
268915
268916
272907
283001
284112
284359
286112
292112
310997
330013
330911
334911
460027
460351
460459
460501
460510
460513
460601
460666
460768
460871
460991
714911
724942
730911
732911
734911
975366
983477
983872
2049881
2049882
2169112
2319112
2709112
